-2.261894941329956
1.080153465270996
1.1796271800994873
0.4802076816558838
0.8746124505996704
1.1019129753112793
1.5952136516571045
-0.5156697034835815
-1.1744412183761597
-0.6130210757255554
-0.38273710012435913
1.1305952072143555
1.982875108718872
1.0071810483932495
-0.5279374718666077
1.3896141052246094
2.167095422744751
-1.0251587629318237
1.9118396043777466
0.0380481481552124
0.27037060260772705
2.225592613220215
2.2728612422943115
2.1498918533325195
0.27512967586517334
-1.371750831604004
-0.5445408821105957
-0.3329389691352844
-1.8620622158050537
-2.5564258098602295
-1.829530954360962
0.3601759672164917
-2.2238106727600098
0.3652428984642029
0.9093599319458008
-1.0883827209472656
0.09920547157526016
-0.2703601121902466
0.681946873664856
-0.4641861915588379
0.26979124546051025
-0.16515660285949707
0.6152135729789734
-0.761478066444397
1.128047227859497
-0.04580823332071304
0.42730993032455444
-2.1208603382110596
-0.9878658056259155
-0.8521926403045654
1.1990607976913452
-1.9094144105911255
0.9573553204536438
0.3699590861797333
0.11411510407924652
-0.32036691904067993
-0.47016191482543945
-1.5258910655975342
0.8160091638565063
0.16106054186820984
0.6981757879257202
-0.693895161151886
-1.3840337991714478
-2.2208051681518555
-1.2030911445617676
1.769737720489502
0.8762310743331909
0.6049637794494629
0.6571921110153198
1.0634983777999878
-0.3764035403728485
1.2579492330551147
-1.289741039276123
0.7815983295440674
-0.8100060820579529
1.6165246963500977
0.09354892373085022
0.4336863160133362
3.115142583847046
3.012817621231079
1.068782925605774
0.3864155411720276
0.5216406583786011
1.654221534729004
0.659257709980011
1.850072979927063
0.6945648193359375
2.2094531059265137
-0.2371668815612793
0.9609667062759399
-0.5742552280426025
1.6810446977615356
2.8267252445220947
1.6508028507232666
2.8516621589660645
-2.3794376850128174
1.7627781629562378
-1.0058178901672363
0.5106500387191772
2.057014226913452
0.2934914231300354
-3.3586924076080322
-1.0251996517181396
0.6379619240760803
-1.102623701095581
-2.2134361267089844
-1.6947098970413208
0.9492753744125366
-2.375713586807251
0.8471381664276123
-0.23051592707633972
4.28670597076416
1.8598206043243408
0.6623209714889526
1.9363553524017334
-1.6906143426895142
-2.7074925899505615
-0.2843526601791382
-0.24377509951591492
-1.7037626504898071
-0.02463015913963318
-2.7545387744903564
-2.472043037414551
-2.421142339706421
-0.9574968814849854
-0.7010388374328613
-0.013083219528198242
1.262009620666504
1.6305135488510132
-0.22561198472976685
-1.1299834251403809
-1.383744239807129
0.249265655875206
0.9935935735702515
-0.1883847713470459
-0.2342326045036316
-0.7905639410018921
0.9980957508087158
1.3195605278015137
0.3406220078468323
0.1388123333454132
1.5027714967727661
-0.062070876359939575
0.05047124624252319
1.155455470085144
0.2150784730911255
1.5208686590194702
1.2876405715942383
0.1535520702600479
-1.1046171188354492
-0.381493479013443
0.4479855000972748
-2.8025858402252197
-0.22430068254470825
0.5716677904129028
-0.8666412234306335
-2.5150368213653564
-1.941509485244751
-1.4086345434188843
-0.9759628772735596
-1.4036896228790283
-0.3770037293434143
0.4085747003555298
-0.4097534716129303
-0.753843367099762
-1.80496346950531
-1.48909330368042
-3.9455220699310303
-0.6703360080718994
-2.091482162475586
-1.7244740724563599
0.3836505711078644
-1.0070087909698486
-0.24112534523010254
-0.6734409332275391
-2.1010148525238037
-2.8075778484344482
-1.9605456590652466
-0.0838654637336731
-0.019855156540870667
-0.7258496284484863
-0.2324877232313156
-0.7598481178283691
-1.4964567422866821
-1.1640833616256714
-0.6287186145782471
-0.5951480269432068
0.009649425745010376
-2.907870292663574
0.6692605018615723
-1.3237186670303345
-0.22859056293964386
0.19419147074222565
-0.15287527441978455
-1.966389775276184
1.5809029340744019
-0.7403155565261841
-2.125825881958008
-2.9483447074890137
-0.21437209844589233
-1.580628752708435
-0.22722789645195007
0.49003931879997253
0.6349811553955078
-0.12121957540512085
-2.452270746231079
-1.4250746965408325
-1.3219566345214844
-0.24084582924842834
1.094546914100647
-0.3714272677898407
0.16834226250648499
-0.5518710613250732
-1.5261402130126953
-1.1526620388031006
-0.48587673902511597
-1.5069106817245483
0.5531781911849976
-1.7378196716308594
-0.8231236338615417
-3.0294206142425537
-0.05568167567253113
-2.991988182067871
0.05589848756790161
-2.8700215816497803
0.024928487837314606
-2.1407461166381836
-0.5006423592567444
-2.1263184547424316
-0.3199648857116699
-1.604750633239746
-1.8562911748886108
-1.069274663925171
-2.986175537109375
-0.49621203541755676
-0.5455318689346313
-0.6623957753181458
-0.1455439329147339
-0.3059764504432678
-1.1563884019851685
-1.7184641361236572
-1.9381245374679565
0.2183915227651596
-0.2646291255950928
-3.4486618041992188
2.2572431564331055
-1.3103647232055664
-1.3746743202209473
-1.0153331756591797
-0.9935704469680786
-0.7146338224411011
0.15936140716075897
-2.1944615840911865
-0.4860326945781708
0.8315937519073486
-4.442375183105469
-1.0872292518615723
-1.6986418962478638
-0.3139709234237671
-0.19953924417495728
-1.3977409601211548
-1.800796627998352
-2.987250328063965
0.6169238090515137
0.27978265285491943
0.6448696255683899
0.2687024474143982
-1.4869651794433594
-1.5462195873260498
-4.34250020980835
-2.9405112266540527
-4.0955610275268555
-0.8633499145507812
-0.4357684254646301
-2.732422351837158
-1.6664049625396729
0.23424014449119568
-0.9231828451156616
-2.0897998809814453
-0.6727684736251831
-1.3687329292297363
1.2725032567977905
1.3703289031982422
0.7539768218994141
1.6617125272750854
1.5203096866607666
-3.666614532470703
-1.9703463315963745
-2.3647892475128174
-2.7567813396453857
-4.180318832397461
-2.4136624336242676
-2.9319586753845215
-1.0385997295379639
-2.259502410888672
-1.612717628479004
-0.7417668104171753
-3.46798038482666
0.2309989035129547
-0.9382054805755615
-1.6282141208648682
2.125826835632324
0.6855368614196777
0.7129020690917969
-0.08818709850311279
-0.6628109812736511
0.37912631034851074
0.6295695304870605
2.399669647216797
-0.022289730608463287
2.997070789337158
0.3413964509963989
0.2244391143321991
2.376844644546509
2.057587146759033
1.651078224182129
0.8741755485534668
0.26534515619277954
1.6391178369522095
1.2428500652313232
0.5607027411460876
-1.862182378768921
-2.8367178440093994
-1.0682252645492554
-2.4839324951171875
-1.450512409210205
0.09302759170532227
0.9953411221504211
-0.6071388125419617
-0.6275573968887329
0.22069959342479706
0.20024323463439941
0.13942939043045044
-0.6131629943847656
-1.0192843675613403
-1.2603974342346191
-1.1082895994186401
-0.469090074300766
-0.8950796127319336
-2.522324323654175
-1.7921421527862549
-4.256364822387695
-3.7039175033569336
-2.5525591373443604
-2.557669162750244
-3.086224317550659
-2.154989719390869
-1.7214683294296265
-2.073296546936035
-2.3099207878112793
-1.3754171133041382
-0.7993044257164001
-2.4017512798309326
-1.159462571144104
-0.20161551237106323
-1.0491838455200195
2.012218475341797
0.3538625240325928
-0.21003448963165283
0.7846475839614868
-2.037339448928833
1.3652945756912231
-0.8747921586036682
1.1069300174713135
-1.4411725997924805
-3.6665172576904297
-3.6893887519836426
-1.5512853860855103
-2.709933042526245
-3.6691694259643555
-4.0314741134643555
-4.66097354888916
-2.3500452041625977
-1.5691193342208862
-2.7651472091674805
-3.7533230781555176
-2.1323299407958984
-1.0894691944122314
-2.7278189659118652
-3.8841066360473633
-2.0770506858825684
-2.8959524631500244
-2.3959784507751465
-2.1762948036193848
-3.8177013397216797
-3.236935615539551
-1.2542705535888672
-3.308847665786743
-2.5424985885620117
-1.3295577764511108
-0.9711580276489258
0.1385805904865265
-1.2309246063232422
-1.1318137645721436
-2.1802189350128174
0.4688727855682373
-0.8924804329872131
0.8610172867774963
0.07586918026208878
0.6351596713066101
-2.323822021484375
-1.5095349550247192
1.3613697290420532
0.025607973337173462
0.6478819251060486
2.0298824310302734
-1.0235798358917236
-0.7771127223968506
-2.0491435527801514
1.9787265062332153
-2.5057101249694824
1.3791944980621338
2.4438962936401367
0.11627084016799927
0.8989956378936768
-2.4743242263793945
-0.2870248556137085
1.9551713466644287
4.861289978027344
1.4920700788497925
1.2318562269210815
1.1469112634658813
-1.3816808462142944
-2.735341787338257
-3.059901714324951
-0.7204078435897827
2.951626777648926
-0.9656075835227966
-1.6113436222076416
0.6713666915893555
-0.5208093523979187
-0.9456953406333923
1.8605952262878418
1.8742585182189941
2.066255807876587
1.2188246250152588
-0.7877250909805298
1.5076878070831299
1.2398645877838135
-1.8734411001205444
1.7989294528961182
1.8496906757354736
0.3958255648612976
3.0992465019226074
-1.282507061958313
-0.17133648693561554
5.1042962074279785
0.11529907584190369
-0.21513262391090393
-1.1809847354888916
-2.36488938331604
2.5771982669830322
-0.6593984365463257
1.1679352521896362
-2.8453001976013184
2.9282822608947754
0.5295937657356262
1.106926679611206
2.845742702484131
0.8222908973693848
2.0062055587768555
-0.0018049776554107666
2.8015458583831787
1.355283498764038
1.0265331268310547
-0.6454152464866638
-2.8249807357788086
-4.183477878570557
0.3966465890407562
-0.9473873972892761
2.272078275680542
-0.6269679665565491
-0.03788548707962036
3.3579304218292236
1.0878945589065552
0.31673672795295715
-4.348399639129639
-0.718852698802948
3.6858768463134766
-1.12519371509552
2.7595295906066895
0.27042391896247864
0.02573474869132042
-1.6821506023406982
0.5289873480796814
1.4888803958892822
-0.5576300024986267
2.062523603439331
3.3831539154052734
-1.022181749343872
2.4312970638275146
-0.2999746799468994
1.3602668046951294
1.0525065660476685
0.6177691221237183
1.5764620304107666
1.2913615703582764
-0.9632850885391235
0.34877264499664307
2.3551278114318848
-1.3509628772735596
0.05302050709724426
-2.1332168579101562
1.0337318181991577
1.8320872783660889
1.6799936294555664
-0.6016955375671387
1.849351406097412
2.2245371341705322
-3.7328174114227295
0.9713785648345947
-1.4384734630584717
3.1788330078125
0.6637911796569824
-0.03910122066736221
1.528331995010376
0.09404850006103516
2.438436269760132
-0.19251792132854462
0.3779903054237366
1.5634865760803223
1.7387454509735107
-1.5459988117218018
1.2135288715362549
-0.045810312032699585
-1.2149467468261719
0.7101107835769653
0.6638864278793335
0.8546193242073059
-0.056964337825775146
1.8568150997161865
0.5681761503219604
0.7763940095901489
1.30888831615448
4.305019855499268
-3.7346348762512207
0.08139878511428833
-1.6132501363754272
2.4392385482788086
3.5920562744140625
2.4672248363494873
0.14100272953510284
2.529329538345337
0.13324491679668427
0.34133291244506836
1.3491249084472656
0.5367774963378906
-3.1140480041503906
0.01361025869846344
5.737251281738281
-1.2031123638153076
0.8869311809539795
0.6268576979637146
2.176848888397217
1.57611083984375
-0.9002310037612915
3.3211374282836914
2.6372008323669434
0.7868088483810425
2.6667253971099854
-1.0132676362991333
-0.21960380673408508
1.2670975923538208
3.2047500610351562
-1.7325935363769531
0.1349886655807495
-0.6515675783157349
2.1630282402038574
-0.5739908218383789
-2.62373685836792
0.11451931297779083
-1.6552534103393555
2.1662096977233887
-3.4606359004974365
1.4289432764053345
-4.063473224639893
-2.174520969390869
-0.04611945152282715
0.10556067526340485
-1.0742552280426025
-1.8050587177276611
0.7284804582595825
-4.3011555671691895
0.9968153834342957
2.4650816917419434
1.2380571365356445
-1.2855055332183838
3.1412065029144287
3.187762498855591
1.8530694246292114
-1.0185787677764893
3.1842565536499023
1.4759695529937744
-0.30504804849624634
-1.6374247074127197
-2.0008933544158936
1.8978211879730225
0.9307231307029724
1.5006901025772095
0.2849815785884857
4.814614295959473
-0.4159476161003113
0.09708073735237122
-4.76890754699707
0.8810186386108398
1.2361950874328613
2.7365663051605225
-0.37573856115341187
0.9023480415344238
-3.3497536182403564
3.3773117065429688
2.5630319118499756
-1.7729601860046387
2.2624809741973877
-1.0870225429534912
-0.23096835613250732
2.4927146434783936
0.3185150623321533
4.478409767150879
3.5724563598632812
3.28566312789917
-2.876882791519165
2.0893173217773438
4.769397735595703
-0.1642247438430786
1.5268832445144653
2.5668082237243652
-2.519415855407715
1.5496529340744019
1.814650297164917
-0.4795122742652893
1.2394253015518188
1.3624366521835327
1.9873371124267578
-3.6366491317749023
1.756706953048706
0.918316125869751
1.065119743347168
0.5712218284606934
-0.07789891958236694
2.7222228050231934
-0.9164050817489624
0.3354642391204834
0.16301047801971436
4.268686294555664
-1.2817096710205078
0.7127833366394043
1.6060181856155396
1.8468165397644043
0.24696221947669983
2.0932846069335938
2.4810948371887207
-0.6230259537696838
-0.4396423101425171
-2.574331521987915
1.5016260147094727
-2.482731819152832
3.5243759155273438
-0.01590847782790661
1.9396201372146606
-1.0972017049789429
-3.6371817588806152
2.755006790161133
-2.202284812927246
1.8912259340286255
-0.709164023399353
-0.7349900603294373
0.604464054107666
0.1981714963912964
0.548438310623169
-1.0217649936676025
-3.3606643676757812
-0.9316710829734802
3.0270538330078125
1.4717028141021729
-1.9490101337432861
-0.7015547156333923
3.5818567276000977
-0.25515294075012207
3.6481313705444336
0.6197847723960876
4.411288738250732
1.7909934520721436
1.0118231773376465
-0.5935741662979126
-1.3723564147949219
-0.10795089602470398
-2.323127508163452
-0.31393301486968994
-1.8818894624710083
-5.323838233947754
-0.6028406023979187
0.7818962335586548
2.087270736694336
-2.6577861309051514
1.456533432006836
3.621678352355957
0.18949458003044128
-1.6395893096923828
0.13013601303100586
3.1840975284576416
3.787567615509033
0.17677560448646545
-2.58368182182312
-0.050711214542388916
-2.031632661819458
-0.31153982877731323
0.7557142972946167
0.4257882237434387
2.1603307723999023
1.322235345840454
3.05739164352417
0.9111852645874023
1.7236138582229614
2.3835134506225586
-0.024258464574813843
0.9418704509735107
-2.2149860858917236
2.072845220565796
0.34082362055778503
2.5774502754211426
2.682358980178833
3.392936944961548
0.564032793045044
0.5665751695632935
2.9901950359344482
-0.6856689453125
1.706805944442749
0.7376753091812134
1.6860988140106201
-1.7075438499450684
2.216480255126953
-1.2374756336212158
3.0316720008850098
-3.0325679779052734
1.2411800622940063
1.3816280364990234
1.900531530380249
1.496960163116455
-4.130988597869873
1.8483887910842896
0.8056195378303528
1.5923893451690674
-1.3643133640289307
3.198183298110962
0.8252084851264954
1.3408839702606201
-0.8559322953224182
0.9028750061988831
2.9886417388916016
1.5896939039230347
-3.0680060386657715
1.165440320968628
2.616511583328247
0.8728690147399902
-0.22929608821868896
-0.8004130125045776
-2.359926700592041
0.06368847191333771
0.12535065412521362
4.777994155883789
2.55729341506958
-2.526402473449707
2.2872185707092285
1.5237098932266235
1.0535794496536255
-3.3976311683654785
3.1766347885131836
-0.29883432388305664
3.747415781021118
-0.7021080851554871
3.05728816986084
2.864132881164551
2.276442527770996
0.30215319991111755
-1.4819529056549072
0.1838189959526062
3.069815158843994
0.9358927011489868
-1.376503825187683
0.744838535785675
-1.5943491458892822
2.6867427825927734
4.2188191413879395
4.07664680480957
0.011282235383987427
1.302287220954895
0.35339486598968506
-2.4082565307617188
3.4303059577941895
0.22625786066055298
0.4372658133506775
0.8476313352584839
2.1553261280059814
3.002377986907959
1.3611791133880615
0.3984600305557251
1.2521889209747314
0.9903748035430908
2.831162929534912
-2.962336778640747
1.2423982620239258
-1.1318200826644897
-0.41158849000930786
3.722677707672119
-0.04525291919708252
0.41327905654907227
-0.374858558177948
0.38583290576934814
1.20650315284729
-0.048372745513916016
1.6995794773101807
2.969341993331909
3.3441457748413086
0.6454762816429138
1.0596904754638672
1.106426477432251
-2.466703414916992
1.9959123134613037
-0.9526767730712891
-3.29003643989563
-0.849662184715271
-1.9477553367614746
0.49355989694595337
1.1520228385925293
-1.8047972917556763
1.2014522552490234
-0.013332121074199677
4.083284854888916
-2.140456199645996
0.1080966591835022
1.0096945762634277
-0.9324594736099243
1.08107328414917
0.6757780313491821
0.12853169441223145
0.10097141563892365
1.1896933317184448
-0.017416000366210938
-1.3343303203582764
1.4659392833709717
1.4536463022232056
0.27838727831840515
-1.1215174198150635
4.748775482177734
4.145823001861572
2.6001248359680176
-0.897030770778656
-0.19189225137233734
1.7655937671661377
0.2046002596616745
3.383925676345825
2.5444955825805664
-1.1186848878860474
-0.8087692260742188
2.196077823638916
-4.079555511474609
-1.275964617729187
2.0963709354400635
1.678572416305542
-2.9396986961364746
2.5727624893188477
0.9673627018928528
-0.9117599725723267
-2.544084310531616
-3.638172149658203
-2.6031320095062256
-1.7784208059310913
3.850332260131836
0.8950049877166748
-1.1573858261108398
-0.8391551971435547
2.293893337249756
0.17297351360321045
-5.385878562927246
-0.20287474989891052
1.2615532875061035
-1.8427234888076782
-1.3514691591262817
2.433025598526001
0.396670937538147
-0.5184663534164429
2.0938961505889893
2.6130380630493164
0.08346647024154663
1.6131057739257812
-1.2933177947998047
-1.550161361694336
-2.1261954307556152
0.7399408221244812
-3.159602403640747
1.7451645135879517
5.75662899017334
1.5972390174865723
3.6695003509521484
1.6738872528076172
2.35784649848938
2.2238502502441406
2.3889002799987793
2.6096715927124023
1.8732826709747314
0.5382066369056702
2.3212783336639404
0.5896328687667847
3.565317153930664
1.714496374130249
0.1553991138935089
1.7010700702667236
2.3166568279266357
1.3573689460754395
2.9758424758911133
2.0252039432525635
-1.1209622621536255
1.6171164512634277
-0.023656800389289856
-2.266972064971924
0.33853861689567566
-1.5361418724060059
1.2712910175323486
0.9903508424758911
1.7499926090240479
2.9896583557128906
0.9834184646606445
-1.243299961090088
-2.100066900253296
-0.007197048515081406
-3.1654934883117676
-1.4511228799819946
-0.8474974632263184
0.8898847699165344
-2.1249139308929443
-2.356231212615967
-0.7099477648735046
-0.24128490686416626
-1.5411961078643799
-0.5997005701065063
-2.340717077255249
-0.47431814670562744
-1.8323891162872314
0.34030842781066895
-1.5925936698913574
-1.9446542263031006
-1.1102590560913086
-0.7581131458282471
-3.701803684234619
-0.4688524603843689
-2.9210028648376465
-2.2902636528015137
0.864718496799469
-0.3792273700237274
0.8038991689682007
1.1578121185302734
-1.149730920791626
0.5955495834350586
0.7578279972076416
-2.3466594219207764
-2.614628314971924
-1.0617586374282837
0.1859421730041504
-1.7263178825378418
-0.5939332246780396
1.2335119247436523
-1.3543996810913086
-1.1035847663879395
-1.386350154876709
-3.1492159366607666
2.9920260906219482
1.518045425415039
2.9139647483825684
-0.7331961393356323
-1.3183965682983398
2.4226744174957275
-0.3145939111709595
-0.8059781193733215
0.06805579364299774
2.2941479682922363
1.971275806427002
3.942722797393799
2.5636839866638184
-1.7709856033325195
0.3234122395515442
-0.9302148818969727
-1.6706715822219849
1.0665948390960693
-0.3461742699146271
-1.1411813497543335
-3.0592803955078125
-1.7193942070007324
-0.4494316577911377
0.43362751603126526
-0.9648706912994385
-2.337322473526001
-3.2717278003692627
-3.5471951961517334
-4.530911445617676
-2.3389060497283936
-3.3322877883911133
-2.4628233909606934
-1.713671088218689
2.9936256408691406
